solid OpenSCAD_Model
  facet normal -0.7993491126159066 -0.5928377060336534 -0.09790020666432898
    outer loop
      vertex -9.135148778145044 -6.103911267771103 -0.5397444176015982
      vertex -8.4110816066601 -6.902796282514995 -1.6140352190089793
      vertex -8.492872612595823 -6.969920426366985 -0.5397444176015982
    endloop
  endfacet
  facet normal -0.8536082847792795 -0.5116331162964907 -0.09790020666432954
    outer loop
      vertex -9.135148778145044 -6.103911267771103 -0.5397444176015982
      vertex -9.689448467180435 -5.1791181069292715 -0.5397444176015982
      vertex -9.047172301631214 -6.045127265525153 -1.6140352190089793
    endloop
  endfacet
  facet normal -0.7878102203913223 -0.5842798803119167 -0.19486425559775772
    outer loop
      vertex -9.047172301631214 -6.045127265525153 -1.6140352190089793
      vertex -8.872066610165216 -5.928125383109485 -2.6727819789359026
      vertex -8.248287286887322 -6.769194437010099 -2.6727819789359026
    endloop
  endfacet
  facet normal -0.7993491126159068 -0.5928377060336528 -0.09790020666432951
    outer loop
      vertex -9.135148778145044 -6.103911267771103 -0.5397444176015982
      vertex -9.047172301631214 -6.045127265525153 -1.6140352190089793
      vertex -8.4110816066601 -6.902796282514995 -1.6140352190089793
    endloop
  endfacet
  facet normal -0.8029521535317747 -0.5955099032971475 -0.02521496011710908
    outer loop
      vertex -9.135148778145044 -6.103911267771103 -0.5397444176015982
      vertex -8.492872612595823 -6.969920426366985 -0.5397444176015982
      vertex -9.550382813515274 -6.381361779942517 19.235721745234695
    endloop
  endfacet
  facet normal -0.8574558972024905 -0.5139392864327115 -0.02521496011710908
    outer loop
      vertex -9.135148778145044 -6.103911267771103 -0.5397444176015982
      vertex -9.550382813515274 -6.381361779942517 19.235721745234695
      vertex -10.129877942961365 -5.414532566335147 19.235721745234695
    endloop
  endfacet
  facet normal -0.8029521535317747 -0.5955099032971475 -0.025214960117109084
    outer loop
      vertex -8.878912276804725 -7.286734991201848 19.235721745234695
      vertex -9.550382813515274 -6.381361779942517 19.235721745234695
      vertex -8.492872612595823 -6.969920426366985 -0.5397444176015982
    endloop
  endfacet
  facet normal -0.5928377060336529 -0.7993491126159069 -0.097900206664329
    outer loop
      vertex -6.045127265525153 -9.047172301631214 -1.6140352190089793
      vertex -6.969920426366985 -8.492872612595823 -0.5397444176015982
      vertex -6.902796282514995 -8.4110816066601 -1.6140352190089793
    endloop
  endfacet
  facet normal -0.5842798803119161 -0.7878102203913229 -0.19486425559775772
    outer loop
      vertex -6.045127265525153 -9.047172301631214 -1.6140352190089793
      vertex -6.902796282514995 -8.4110816066601 -1.6140352190089793
      vertex -5.928125383109485 -8.872066610165216 -2.6727819789359026
    endloop
  endfacet
  facet normal -0.5928377060336533 -0.7993491126159065 -0.09790020666432951
    outer loop
      vertex -6.103911267771103 -9.135148778145044 -0.5397444176015982
      vertex -6.969920426366985 -8.492872612595823 -0.5397444176015982
      vertex -6.045127265525153 -9.047172301631214 -1.6140352190089793
    endloop
  endfacet
  facet normal -0.5116331162964907 -0.8536082847792795 -0.09790020666432954
    outer loop
      vertex -6.103911267771103 -9.135148778145044 -0.5397444176015982
      vertex -6.045127265525153 -9.047172301631214 -1.6140352190089793
      vertex -5.1791181069292715 -9.689448467180435 -0.5397444176015982
    endloop
  endfacet
  facet normal -0.5955099032971475 -0.8029521535317747 -0.02521496011710908
    outer loop
      vertex -6.103911267771103 -9.135148778145044 -0.5397444176015982
      vertex -6.381361779942517 -9.550382813515274 19.235721745234695
      vertex -6.969920426366985 -8.492872612595823 -0.5397444176015982
    endloop
  endfacet
  facet normal -0.5955099032971475 -0.8029521535317747 -0.025214960117109084
    outer loop
      vertex -7.286734991201848 -8.878912276804725 19.235721745234695
      vertex -6.969920426366985 -8.492872612595823 -0.5397444176015982
      vertex -6.381361779942517 -9.550382813515274 19.235721745234695
    endloop
  endfacet
  facet normal -0.5139392864327115 -0.8574558972024905 -0.02521496011710908
    outer loop
      vertex -6.103911267771103 -9.135148778145044 -0.5397444176015982
      vertex -5.414532566335147 -10.129877942961365 19.235721745234695
      vertex -6.381361779942517 -9.550382813515274 19.235721745234695
    endloop
  endfacet
  facet normal -0.7373917715293683 -0.6683329445836569 -0.09790020666432903
    outer loop
      vertex -7.693987597851931 -7.693987597851931 -1.6140352190089793
      vertex -8.492872612595823 -6.969920426366985 -0.5397444176015982
      vertex -8.4110816066601 -6.902796282514995 -1.6140352190089793
    endloop
  endfacet
  facet normal -0.7373917715293684 -0.6683329445836569 -0.09790020666432901
    outer loop
      vertex -7.693987597851931 -7.693987597851931 -1.6140352190089793
      vertex -7.768805441110877 -7.768805441110877 -0.5397444176015982
      vertex -8.492872612595823 -6.969920426366985 -0.5397444176015982
    endloop
  endfacet
  facet normal -0.6683329445836569 -0.7373917715293684 -0.09790020666432901
    outer loop
      vertex -7.693987597851931 -7.693987597851931 -1.6140352190089793
      vertex -6.969920426366985 -8.492872612595823 -0.5397444176015982
      vertex -7.768805441110877 -7.768805441110877 -0.5397444176015982
    endloop
  endfacet
  facet normal -0.6683329445836569 -0.7373917715293683 -0.09790020666432903
    outer loop
      vertex -7.693987597851931 -7.693987597851931 -1.6140352190089793
      vertex -6.902796282514995 -8.4110816066601 -1.6140352190089793
      vertex -6.969920426366985 -8.492872612595823 -0.5397444176015982
    endloop
  endfacet
  facet normal -0.7267472558294291 -0.6586853179134372 -0.19486425559775863
    outer loop
      vertex -7.545072448064216 -7.545072448064216 -2.6727819789359026
      vertex -7.693987597851931 -7.693987597851931 -1.6140352190089793
      vertex -8.248287286887322 -6.769194437010099 -2.6727819789359026
    endloop
  endfacet
  facet normal -0.7091179552219514 -0.6427070512160623 -0.28996443212744555
    outer loop
      vertex -7.32349412604549 -7.32349412604549 -3.7057883873144206
      vertex -7.545072448064216 -7.545072448064216 -2.6727819789359026
      vertex -8.248287286887322 -6.769194437010099 -2.6727819789359026
    endloop
  endfacet
  facet normal -0.6586853179134372 -0.7267472558294291 -0.19486425559775863
    outer loop
      vertex -7.545072448064216 -7.545072448064216 -2.6727819789359026
      vertex -6.769194437010099 -8.248287286887322 -2.6727819789359026
      vertex -7.693987597851931 -7.693987597851931 -1.6140352190089793
    endloop
  endfacet
  facet normal -0.6427070512160623 -0.7091179552219514 -0.28996443212744555
    outer loop
      vertex -7.32349412604549 -7.32349412604549 -3.7057883873144206
      vertex -6.769194437010099 -8.248287286887322 -2.6727819789359026
      vertex -7.545072448064216 -7.545072448064216 -2.6727819789359026
    endloop
  endfacet
  facet normal -0.7421978560846074 -0.5504514454070824 -0.38228987518984353
    outer loop
      vertex -8.006057451569333 -6.570401548658706 -3.7057883873144206
      vertex -8.611518067278375 -5.7540324126114974 -3.7057883873144206
      vertex -7.6867249064365435 -6.308332101646889 -4.703106027733103
    endloop
  endfacet
  facet normal -0.7421978560846076 -0.5504514454070821 -0.38228987518984375
    outer loop
      vertex -8.611518067278375 -5.7540324126114974 -3.7057883873144206
      vertex -8.268035897869014 -5.524524964505986 -4.703106027733103
      vertex -7.6867249064365435 -6.308332101646889 -4.703106027733103
    endloop
  endfacet
  facet normal -0.6846702939751753 -0.6205489826559067 -0.38228987518984353
    outer loop
      vertex -7.32349412604549 -7.32349412604549 -3.7057883873144206
      vertex -8.006057451569333 -6.570401548658706 -3.7057883873144206
      vertex -7.6867249064365435 -6.308332101646889 -4.703106027733103
    endloop
  endfacet
  facet normal -0.6846702939751761 -0.6205489826559063 -0.38228987518984286
    outer loop
      vertex -7.32349412604549 -7.32349412604549 -3.7057883873144206
      vertex -7.6867249064365435 -6.308332101646889 -4.703106027733103
      vertex -7.031386552163825 -7.031386552163825 -4.703106027733103
    endloop
  endfacet
  facet normal -0.7085553701174028 -0.5255004773115556 -0.4709549190985456
    outer loop
      vertex -7.6867249064365435 -6.308332101646889 -4.703106027733103
      vertex -7.844928022994999 -5.241813320979737 -5.655130186125439
      vertex -7.293364998463505 -5.985509968011104 -5.655130186125439
    endloop
  endfacet
  facet normal -0.6536354283145075 -0.59242062002347 -0.47095491909854553
    outer loop
      vertex -7.6867249064365435 -6.308332101646889 -4.703106027733103
      vertex -7.293364998463505 -5.985509968011104 -5.655130186125439
      vertex -7.031386552163825 -7.031386552163825 -4.703106027733103
    endloop
  endfacet
  facet normal -0.7878102203913228 -0.584279880311916 -0.19486425559775847
    outer loop
      vertex -9.047172301631214 -6.045127265525153 -1.6140352190089793
      vertex -8.248287286887322 -6.769194437010099 -2.6727819789359026
      vertex -8.4110816066601 -6.902796282514995 -1.6140352190089793
    endloop
  endfacet
  facet normal -0.7267472558294291 -0.658685317913437 -0.19486425559775838
    outer loop
      vertex -7.693987597851931 -7.693987597851931 -1.6140352190089793
      vertex -8.4110816066601 -6.902796282514995 -1.6140352190089793
      vertex -8.248287286887322 -6.769194437010099 -2.6727819789359026
    endloop
  endfacet
  facet normal -0.7686996656757479 -0.5701065269675493 -0.2899644321274462
    outer loop
      vertex -8.872066610165216 -5.928125383109485 -2.6727819789359026
      vertex -8.006057451569333 -6.570401548658706 -3.7057883873144206
      vertex -8.248287286887322 -6.769194437010099 -2.6727819789359026
    endloop
  endfacet
  facet normal -0.7686996656757479 -0.5701065269675493 -0.2899644321274464
    outer loop
      vertex -8.872066610165216 -5.928125383109485 -2.6727819789359026
      vertex -8.611518067278375 -5.7540324126114974 -3.7057883873144206
      vertex -8.006057451569333 -6.570401548658706 -3.7057883873144206
    endloop
  endfacet
  facet normal -0.7091179552219519 -0.6427070512160619 -0.28996443212744627
    outer loop
      vertex -7.32349412604549 -7.32349412604549 -3.7057883873144206
      vertex -8.248287286887322 -6.769194437010099 -2.6727819789359026
      vertex -8.006057451569333 -6.570401548658706 -3.7057883873144206
    endloop
  endfacet
  facet normal -0.6205489826559069 -0.6846702939751754 -0.3822898751898428
    outer loop
      vertex -7.32349412604549 -7.32349412604549 -3.7057883873144206
      vertex -7.031386552163825 -7.031386552163825 -4.703106027733103
      vertex -6.570401548658706 -8.006057451569333 -3.7057883873144206
    endloop
  endfacet
  facet normal -0.6205489826559062 -0.6846702939751758 -0.3822898751898435
    outer loop
      vertex -6.570401548658706 -8.006057451569333 -3.7057883873144206
      vertex -7.031386552163825 -7.031386552163825 -4.703106027733103
      vertex -6.308332101646889 -7.6867249064365435 -4.703106027733103
    endloop
  endfacet
  facet normal -0.5504514454070824 -0.7421978560846074 -0.38228987518984353
    outer loop
      vertex -6.570401548658706 -8.006057451569333 -3.7057883873144206
      vertex -6.308332101646889 -7.6867249064365435 -4.703106027733103
      vertex -5.7540324126114974 -8.611518067278375 -3.7057883873144206
    endloop
  endfacet
  facet normal -0.5504514454070821 -0.7421978560846076 -0.38228987518984375
    outer loop
      vertex -5.7540324126114974 -8.611518067278375 -3.7057883873144206
      vertex -6.308332101646889 -7.6867249064365435 -4.703106027733103
      vertex -5.524524964505986 -8.268035897869014 -4.703106027733103
    endloop
  endfacet
  facet normal -0.59242062002347 -0.6536354283145075 -0.47095491909854553
    outer loop
      vertex -6.308332101646889 -7.6867249064365435 -4.703106027733103
      vertex -7.031386552163825 -7.031386552163825 -4.703106027733103
      vertex -5.985509968011104 -7.293364998463505 -5.655130186125439
    endloop
  endfacet
  facet normal -0.5255004773115556 -0.7085553701174028 -0.4709549190985456
    outer loop
      vertex -6.308332101646889 -7.6867249064365435 -4.703106027733103
      vertex -5.985509968011104 -7.293364998463505 -5.655130186125439
      vertex -5.241813320979737 -7.844928022994999 -5.655130186125439
    endloop
  endfacet
  facet normal -0.658685317913437 -0.7267472558294291 -0.19486425559775838
    outer loop
      vertex -7.693987597851931 -7.693987597851931 -1.6140352190089793
      vertex -6.769194437010099 -8.248287286887322 -2.6727819789359026
      vertex -6.902796282514995 -8.4110816066601 -1.6140352190089793
    endloop
  endfacet
  facet normal -0.5842798803119167 -0.7878102203913223 -0.1948642555977585
    outer loop
      vertex -5.928125383109485 -8.872066610165216 -2.6727819789359026
      vertex -6.902796282514995 -8.4110816066601 -1.6140352190089793
      vertex -6.769194437010099 -8.248287286887322 -2.6727819789359026
    endloop
  endfacet
  facet normal -0.6427070512160619 -0.7091179552219519 -0.28996443212744627
    outer loop
      vertex -7.32349412604549 -7.32349412604549 -3.7057883873144206
      vertex -6.570401548658706 -8.006057451569333 -3.7057883873144206
      vertex -6.769194437010099 -8.248287286887322 -2.6727819789359026
    endloop
  endfacet
  facet normal -0.5701065269675493 -0.7686996656757479 -0.2899644321274462
    outer loop
      vertex -5.928125383109485 -8.872066610165216 -2.6727819789359026
      vertex -6.769194437010099 -8.248287286887322 -2.6727819789359026
      vertex -6.570401548658706 -8.006057451569333 -3.7057883873144206
    endloop
  endfacet
  facet normal -0.5701065269675493 -0.7686996656757479 -0.2899644321274464
    outer loop
      vertex -5.928125383109485 -8.872066610165216 -2.6727819789359026
      vertex -6.570401548658706 -8.006057451569333 -3.7057883873144206
      vertex -5.7540324126114974 -8.611518067278375 -3.7057883873144206
    endloop
  endfacet
  facet normal -0.6536354283145074 -0.5924206200234701 -0.4709549190985457
    outer loop
      vertex -7.293364998463505 -5.985509968011104 -5.655130186125439
      vertex -6.671562882037944 -6.671562882037944 -5.655130186125439
      vertex -7.031386552163825 -7.031386552163825 -4.703106027733103
    endloop
  endfacet
  facet normal -0.5924206200234701 -0.6536354283145074 -0.4709549190985457
    outer loop
      vertex -5.985509968011104 -7.293364998463505 -5.655130186125439
      vertex -7.031386552163825 -7.031386552163825 -4.703106027733103
      vertex -6.671562882037944 -6.671562882037944 -5.655130186125439
    endloop
  endfacet
  facet normal -0.616307387906399 -0.5585884562745488 -0.5551073230725821
    outer loop
      vertex -7.293364998463505 -5.985509968011104 -5.655130186125439
      vertex -6.247488414310786 -6.247488414310786 -6.552692349416767
      vertex -6.671562882037944 -6.671562882037944 -5.655130186125439
    endloop
  endfacet
  facet normal -0.6163073879063989 -0.5585884562745487 -0.5551073230725823
    outer loop
      vertex -7.293364998463505 -5.985509968011104 -5.655130186125439
      vertex -6.8297659985964 -5.605044101370791 -6.552692349416767
      vertex -6.247488414310786 -6.247488414310786 -6.552692349416767
    endloop
  endfacet
  facet normal -0.5585884562745488 -0.616307387906399 -0.5551073230725821
    outer loop
      vertex -5.985509968011104 -7.293364998463505 -5.655130186125439
      vertex -6.671562882037944 -6.671562882037944 -5.655130186125439
      vertex -6.247488414310786 -6.247488414310786 -6.552692349416767
    endloop
  endfacet
  facet normal -0.5585884562745487 -0.6163073879063989 -0.5551073230725823
    outer loop
      vertex -5.985509968011104 -7.293364998463505 -5.655130186125439
      vertex -6.247488414310786 -6.247488414310786 -6.552692349416767
      vertex -5.605044101370791 -6.8297659985964 -6.552692349416767
    endloop
  endfacet
  facet normal -0.5730406607952399 -0.5193737806446257 -0.633936335174332
    outer loop
      vertex -5.763247217929248 -5.763247217929248 -7.387148503317203
      vertex -6.247488414310786 -6.247488414310786 -6.552692349416767
      vertex -6.8297659985964 -5.605044101370791 -6.552692349416767
    endloop
  endfacet
  facet normal -0.5193737806446257 -0.5730406607952399 -0.633936335174332
    outer loop
      vertex -5.763247217929248 -5.763247217929248 -7.387148503317203
      vertex -5.605044101370791 -6.8297659985964 -6.552692349416767
      vertex -6.247488414310786 -6.247488414310786 -6.552692349416767
    endloop
  endfacet
  facet normal -0.7407155416842511 -0.6713454342540053 -0.02521496011710912
    outer loop
      vertex -7.768805441110877 -7.768805441110877 -0.5397444176015982
      vertex -8.121932961161372 -8.121932961161372 19.235721745234695
      vertex -8.492872612595823 -6.969920426366985 -0.5397444176015982
    endloop
  endfacet
  facet normal -0.6713454342540053 -0.7407155416842511 -0.02521496011710912
    outer loop
      vertex -7.768805441110877 -7.768805441110877 -0.5397444176015982
      vertex -6.969920426366985 -8.492872612595823 -0.5397444176015982
      vertex -8.121932961161372 -8.121932961161372 19.235721745234695
    endloop
  endfacet
  facet normal -0.7407155416842516 -0.6713454342540047 -0.02521496011710908
    outer loop
      vertex -8.878912276804725 -7.286734991201848 19.235721745234695
      vertex -8.492872612595823 -6.969920426366985 -0.5397444176015982
      vertex -8.121932961161372 -8.121932961161372 19.235721745234695
    endloop
  endfacet
  facet normal -0.6713454342540047 -0.7407155416842516 -0.02521496011710908
    outer loop
      vertex -7.286734991201848 -8.878912276804725 19.235721745234695
      vertex -8.121932961161372 -8.121932961161372 19.235721745234695
      vertex -6.969920426366985 -8.492872612595823 -0.5397444176015982
    endloop
  endfacet
  facet normal -0.7409511253549594 -0.6715589548470179 0
    outer loop
      vertex -8.878912276804725 -7.286734991201848 19.235721745234695
      vertex -8.121932961161372 -8.121932961161372 20.364278254765306
      vertex -8.878912276804725 -7.286734991201848 20.364278254765306
    endloop
  endfacet
  facet normal -0.857728610000272 -0.5141027441932217 0
    outer loop
      vertex -9.550382813515274 -6.381361779942517 19.235721745234695
      vertex -9.550382813515274 -6.381361779942517 20.364278254765306
      vertex -10.129877942961365 -5.414532566335147 19.235721745234695
    endloop
  endfacet
  facet normal -0.8032075314806452 -0.5956993044924329 0
    outer loop
      vertex -8.878912276804725 -7.286734991201848 19.235721745234695
      vertex -8.878912276804725 -7.286734991201848 20.364278254765306
      vertex -9.550382813515274 -6.381361779942517 20.364278254765306
    endloop
  endfacet
  facet normal -0.8032075314806452 -0.5956993044924329 1.4894558807161726e-17
    outer loop
      vertex -8.878912276804725 -7.286734991201848 19.235721745234695
      vertex -9.550382813515274 -6.381361779942517 20.364278254765306
      vertex -9.550382813515274 -6.381361779942517 19.235721745234695
    endloop
  endfacet
  facet normal -0.6715589548470179 -0.7409511253549594 0
    outer loop
      vertex -7.286734991201848 -8.878912276804725 19.235721745234695
      vertex -7.286734991201848 -8.878912276804725 20.364278254765306
      vertex -8.121932961161372 -8.121932961161372 20.364278254765306
    endloop
  endfacet
  facet normal -0.5956993044924329 -0.8032075314806452 0
    outer loop
      vertex -7.286734991201848 -8.878912276804725 19.235721745234695
      vertex -6.381361779942517 -9.550382813515274 20.364278254765306
      vertex -7.286734991201848 -8.878912276804725 20.364278254765306
    endloop
  endfacet
  facet normal -0.5956993044924329 -0.8032075314806452 1.4894558807161726e-17
    outer loop
      vertex -7.286734991201848 -8.878912276804725 19.235721745234695
      vertex -6.381361779942517 -9.550382813515274 19.235721745234695
      vertex -6.381361779942517 -9.550382813515274 20.364278254765306
    endloop
  endfacet
  facet normal -0.5141027441932217 -0.857728610000272 0
    outer loop
      vertex -6.381361779942517 -9.550382813515274 19.235721745234695
      vertex -5.414532566335147 -10.129877942961365 20.364278254765306
      vertex -6.381361779942517 -9.550382813515274 20.364278254765306
    endloop
  endfacet
  facet normal -0.7409511253549594 -0.6715589548470179 3.7864139286061567e-17
    outer loop
      vertex -8.878912276804725 -7.286734991201848 19.235721745234695
      vertex -8.121932961161372 -8.121932961161372 19.235721745234695
      vertex -8.121932961161372 -8.121932961161372 20.364278254765306
    endloop
  endfacet
  facet normal -0.6715589548470179 -0.7409511253549594 3.7864139286061567e-17
    outer loop
      vertex -7.286734991201848 -8.878912276804725 19.235721745234695
      vertex -8.121932961161372 -8.121932961161372 20.364278254765306
      vertex -8.121932961161372 -8.121932961161372 19.235721745234695
    endloop
  endfacet
  facet normal -0.7406093043414342 -0.671249146339098 0.030371728003672285
    outer loop
      vertex -8.878912276804725 -7.286734991201848 20.364278254765306
      vertex -8.121932961161372 -8.121932961161372 20.364278254765306
      vertex -6.948713955760218 -5.702662167027533 102.44160906894676
    endloop
  endfacet
  facet normal -0.8028369898847331 -0.5954244921154084 0.03037172800367229
    outer loop
      vertex -8.878912276804725 -7.286734991201848 20.364278254765306
      vertex -6.948713955760218 -5.702662167027533 102.44160906894676
      vertex -9.550382813515274 -6.381361779942517 20.364278254765306
    endloop
  endfacet
  facet normal -0.671249146339098 -0.7406093043414342 0.030371728003672285
    outer loop
      vertex -7.286734991201848 -8.878912276804725 20.364278254765306
      vertex -5.702662167027533 -6.948713955760218 102.44160906894676
      vertex -8.121932961161372 -8.121932961161372 20.364278254765306
    endloop
  endfacet
  facet normal -0.5954244921154084 -0.8028369898847331 0.03037172800367229
    outer loop
      vertex -7.286734991201848 -8.878912276804725 20.364278254765306
      vertex -6.381361779942517 -9.550382813515274 20.364278254765306
      vertex -5.702662167027533 -6.948713955760218 102.44160906894676
    endloop
  endfacet
  facet normal -0.9234948732771582 -0.3304317492631983 -0.19486425559775736
    outer loop
      vertex -10.052679247571488 -4.163956082530671 -1.6140352190089793
      vertex -10.412411916985233 -3.158570623371041 -1.6140352190089793
      vertex -9.858112227949842 -4.083363784212874 -2.6727819789359026
    endloop
  endfacet
  facet normal -0.9370211103541634 -0.3352715142772085 -0.09790020666432912
    outer loop
      vertex -10.052679247571488 -4.163956082530671 -1.6140352190089793
      vertex -10.150433470685552 -4.204447207523762 -0.5397444176015982
      vertex -10.513664251076607 -3.1892851831251616 -0.5397444176015982
    endloop
  endfacet
  facet normal -0.9234948732771584 -0.3304317492631977 -0.19486425559775794
    outer loop
      vertex -10.412411916985233 -3.158570623371041 -1.6140352190089793
      vertex -10.210882364129944 -3.0974373018635184 -2.6727819789359026
      vertex -9.858112227949842 -4.083363784212874 -2.6727819789359026
    endloop
  endfacet
  facet normal -0.9370211103541637 -0.33527151427720747 -0.09790020666433025
    outer loop
      vertex -10.052679247571488 -4.163956082530671 -1.6140352190089793
      vertex -10.513664251076607 -3.1892851831251616 -0.5397444176015982
      vertex -10.412411916985233 -3.158570623371041 -1.6140352190089793
    endloop
  endfacet
  facet normal -0.7925776471133255 -0.47505275983162004 -0.38228987518984353
    outer loop
      vertex -8.611518067278375 -5.7540324126114974 -3.7057883873144206
      vertex -9.134045056464897 -4.8822487989567644 -3.7057883873144206
      vertex -8.769721183836833 -4.687513631944346 -4.703106027733103
    endloop
  endfacet
  facet normal -0.8353244821333295 -0.3950790564887221 -0.38228987518984353
    outer loop
      vertex -9.134045056464897 -4.8822487989567644 -3.7057883873144206
      vertex -9.186949260787049 -3.805358980651476 -4.703106027733103
      vertex -8.769721183836833 -4.687513631944346 -4.703106027733103
    endloop
  endfacet
  facet normal -0.8536082847792793 -0.5116331162964907 -0.09790020666432941
    outer loop
      vertex -9.047172301631214 -6.045127265525153 -1.6140352190089793
      vertex -9.689448467180435 -5.1791181069292715 -0.5397444176015982
      vertex -9.596133781650162 -5.129240368365594 -1.6140352190089793
    endloop
  endfacet
  facet normal -0.8996467425304736 -0.4255012199622808 -0.09790020666432943
    outer loop
      vertex -10.052679247571488 -4.163956082530671 -1.6140352190089793
      vertex -9.596133781650162 -5.129240368365594 -1.6140352190089793
      vertex -9.689448467180435 -5.1791181069292715 -0.5397444176015982
    endloop
  endfacet
  facet normal -0.8866600179086305 -0.4193589566619496 -0.19486425559775733
    outer loop
      vertex -10.052679247571488 -4.163956082530671 -1.6140352190089793
      vertex -9.858112227949842 -4.083363784212874 -2.6727819789359026
      vertex -9.410403082022267 -5.029965241126552 -2.6727819789359026
    endloop
  endfacet
  facet normal -0.8996467425304739 -0.4255012199622806 -0.09790020666432914
    outer loop
      vertex -10.052679247571488 -4.163956082530671 -1.6140352190089793
      vertex -9.689448467180435 -5.1791181069292715 -0.5397444176015982
      vertex -10.150433470685552 -4.204447207523762 -0.5397444176015982
    endloop
  endfacet
  facet normal -0.8866600179086308 -0.4193589566619486 -0.1948642555977583
    outer loop
      vertex -10.052679247571488 -4.163956082530671 -1.6140352190089793
      vertex -9.410403082022267 -5.029965241126552 -2.6727819789359026
      vertex -9.596133781650162 -5.129240368365594 -1.6140352190089793
    endloop
  endfacet
  facet normal -0.8651515830752541 -0.409186224601207 -0.28996443212744594
    outer loop
      vertex -9.134045056464897 -4.8822487989567644 -3.7057883873144206
      vertex -9.858112227949842 -4.083363784212874 -2.6727819789359026
      vertex -9.568606198580722 -3.9634464604594 -3.7057883873144206
    endloop
  endfacet
  facet normal -0.8651515830752539 -0.4091862246012086 -0.2899644321274446
    outer loop
      vertex -9.134045056464897 -4.8822487989567644 -3.7057883873144206
      vertex -9.410403082022267 -5.029965241126552 -2.6727819789359026
      vertex -9.858112227949842 -4.083363784212874 -2.6727819789359026
    endloop
  endfacet
  facet normal -0.8412861418699734 -0.5042475080631205 -0.1948642555977577
    outer loop
      vertex -9.047172301631214 -6.045127265525153 -1.6140352190089793
      vertex -9.596133781650162 -5.129240368365594 -1.6140352190089793
      vertex -8.872066610165216 -5.928125383109485 -2.6727819789359026
    endloop
  endfacet
  facet normal -0.8412861418699736 -0.5042475080631197 -0.19486425559775836
    outer loop
      vertex -8.872066610165216 -5.928125383109485 -2.6727819789359026
      vertex -9.596133781650162 -5.129240368365594 -1.6140352190089793
      vertex -9.410403082022267 -5.029965241126552 -2.6727819789359026
    endloop
  endfacet
  facet normal -0.8208783781351058 -0.49201556521240947 -0.2899644321274446
    outer loop
      vertex -8.872066610165216 -5.928125383109485 -2.6727819789359026
      vertex -9.410403082022267 -5.029965241126552 -2.6727819789359026
      vertex -9.134045056464897 -4.8822487989567644 -3.7057883873144206
    endloop
  endfacet
  facet normal -0.8208783781351044 -0.49201556521241085 -0.28996443212744644
    outer loop
      vertex -8.872066610165216 -5.928125383109485 -2.6727819789359026
      vertex -9.134045056464897 -4.8822487989567644 -3.7057883873144206
      vertex -8.611518067278375 -5.7540324126114974 -3.7057883873144206
    endloop
  endfacet
  facet normal -0.8700266857555773 -0.3113005258596588 -0.3822898751898434
    outer loop
      vertex -9.568606198580722 -3.9634464604594 -3.7057883873144206
      vertex -9.911016432271994 -3.006473965907584 -3.7057883873144206
      vertex -9.186949260787049 -3.805358980651476 -4.703106027733103
    endloop
  endfacet
  facet normal -0.8700266857555772 -0.3113005258596594 -0.3822898751898428
    outer loop
      vertex -9.911016432271994 -3.006473965907584 -3.7057883873144206
      vertex -9.51570199425857 -2.8865566421541113 -4.703106027733103
      vertex -9.186949260787049 -3.805358980651476 -4.703106027733103
    endloop
  endfacet
  facet normal -0.8353244821333297 -0.39507905648872194 -0.38228987518984336
    outer loop
      vertex -9.134045056464897 -4.8822487989567644 -3.7057883873144206
      vertex -9.568606198580722 -3.9634464604594 -3.7057883873144206
      vertex -9.186949260787049 -3.805358980651476 -4.703106027733103
    endloop
  endfacet
  facet normal -0.7974607347001526 -0.37717083766958404 -0.47095491909854525
    outer loop
      vertex -8.769721183836833 -4.687513631944346 -4.703106027733103
      vertex -9.186949260787049 -3.805358980651476 -4.703106027733103
      vertex -8.716816979514679 -3.6106238136390574 -5.655130186125439
    endloop
  endfacet
  facet normal -0.8305899502184584 -0.29718983625450845 -0.4709549190985452
    outer loop
      vertex -9.186949260787049 -3.805358980651476 -4.703106027733103
      vertex -9.028746144228592 -2.738840199984323 -5.655130186125439
      vertex -8.716816979514679 -3.6106238136390574 -5.655130186125439
    endloop
  endfacet
  facet normal -0.830589950218457 -0.29718983625450995 -0.47095491909854664
    outer loop
      vertex -9.51570199425857 -2.8865566421541113 -4.703106027733103
      vertex -9.028746144228592 -2.738840199984323 -5.655130186125439
      vertex -9.186949260787049 -3.805358980651476 -4.703106027733103
    endloop
  endfacet
  facet normal -0.7831563291488778 -0.28021781525314743 -0.5551073230725817
    outer loop
      vertex -8.716816979514679 -3.6106238136390574 -5.655130186125439
      vertex -9.028746144228592 -2.738840199984323 -5.655130186125439
      vertex -8.454838533214998 -2.5647472294863367 -6.552692349416767
    endloop
  endfacet
  facet normal -0.9010929053304247 -0.3224161969631519 -0.2899644321274458
    outer loop
      vertex -10.210882364129944 -3.0974373018635184 -2.6727819789359026
      vertex -9.568606198580722 -3.9634464604594 -3.7057883873144206
      vertex -9.858112227949842 -4.083363784212874 -2.6727819789359026
    endloop
  endfacet
  facet normal -0.9010929053304247 -0.3224161969631525 -0.2899644321274454
    outer loop
      vertex -10.210882364129944 -3.0974373018635184 -2.6727819789359026
      vertex -9.911016432271994 -3.006473965907584 -3.7057883873144206
      vertex -9.568606198580722 -3.9634464604594 -3.7057883873144206
    endloop
  endfacet
  facet normal -0.9037018718500736 -0.4274191532921353 -0.025214960117109143
    outer loop
      vertex -10.150433470685552 -4.204447207523762 -0.5397444176015982
      vertex -9.689448467180435 -5.1791181069292715 -0.5397444176015982
      vertex -10.61181681026217 -4.395558444229388 19.235721745234695
    endloop
  endfacet
  facet normal -0.9037018718500731 -0.4274191532921361 -0.025214960117109095
    outer loop
      vertex -9.689448467180435 -5.1791181069292715 -0.5397444176015982
      vertex -10.129877942961365 -5.414532566335147 19.235721745234695
      vertex -10.61181681026217 -4.395558444229388 19.235721745234695
    endloop
  endfacet
  facet normal -0.9412447034580446 -0.3367827400542819 -0.025214960117109084
    outer loop
      vertex -10.150433470685552 -4.204447207523762 -0.5397444176015982
      vertex -10.991558080670998 -3.3342526914490325 19.235721745234695
      vertex -10.513664251076607 -3.1892851831251616 -0.5397444176015982
    endloop
  endfacet
  facet normal -0.969722834035022 -0.24290292492553056 -0.02521496011710909
    outer loop
      vertex -10.513664251076607 -3.1892851831251616 -0.5397444176015982
      vertex -10.991558080670998 -3.3342526914490325 19.235721745234695
      vertex -11.26544463816612 -2.2408362625620972 19.235721745234695
    endloop
  endfacet
  facet normal -0.9412447034580451 -0.33678274005428094 -0.025214960117109147
    outer loop
      vertex -10.150433470685552 -4.204447207523762 -0.5397444176015982
      vertex -10.61181681026217 -4.395558444229388 19.235721745234695
      vertex -10.991558080670998 -3.3342526914490325 19.235721745234695
    endloop
  endfacet
  facet normal -0.8574558972024906 -0.5139392864327113 -0.025214960117109088
    outer loop
      vertex -9.135148778145044 -6.103911267771103 -0.5397444176015982
      vertex -10.129877942961365 -5.414532566335147 19.235721745234695
      vertex -9.689448467180435 -5.1791181069292715 -0.5397444176015982
    endloop
  endfacet
  facet normal -0.98442474014563 -0.14602561598668423 -0.09790020666432941
    outer loop
      vertex -10.775642697376288 -2.143408598972441 -0.5397444176015982
      vertex -10.933845813934745 -1.0768898183052888 -0.5397444176015982
      vertex -10.671867367635063 -2.1227664024580095 -1.6140352190089793
    endloop
  endfacet
  facet normal -0.9888620036158178 -0.14668382184550227 -0.025214960117109084
    outer loop
      vertex -10.775642697376288 -2.143408598972441 -0.5397444176015982
      vertex -10.968821304763658 -1.5883341985568866 3.8071413115914834
      vertex -10.990845021672888 -1.3167741854298498 3.09109640523015
    endloop
  endfacet
  facet normal -0.9888620036158173 -0.1466838218455048 -0.025214960117108488
    outer loop
      vertex -10.775642697376288 -2.143408598972441 -0.5397444176015982
      vertex -10.990845021672888 -1.3167741854298498 3.09109640523015
      vertex -11.019943184710792 -1.0853696691783838 2.8860898928713983
    endloop
  endfacet
  facet normal -0.9888620036157876 -0.14668382184571035 -0.02521496011708155
    outer loop
      vertex -10.775642697376288 -2.143408598972441 -0.5397444176015982
      vertex -11.00189892532155 -1.4960259882966638 4.567367819268057
      vertex -10.968821304763658 -1.5883341985568866 3.8071413115914834
    endloop
  endfacet
  facet normal -0.9514359681823767 -0.23832230348667582 -0.19486425559775797
    outer loop
      vertex -10.412411916985233 -3.158570623371041 -1.6140352190089793
      vertex -10.671867367635063 -2.1227664024580095 -1.6140352190089793
      vertex -10.210882364129944 -3.0974373018635184 -2.6727819789359026
    endloop
  endfacet
  facet normal -0.9653714526572997 -0.24181296063159247 -0.09790020666433027
    outer loop
      vertex -10.412411916985233 -3.158570623371041 -1.6140352190089793
      vertex -10.513664251076607 -3.1892851831251616 -0.5397444176015982
      vertex -10.671867367635063 -2.1227664024580095 -1.6140352190089793
    endloop
  endfacet
  facet normal -0.9514359681823766 -0.23832230348667618 -0.19486425559775755
    outer loop
      vertex -10.210882364129944 -3.0974373018635184 -2.6727819789359026
      vertex -10.671867367635063 -2.1227664024580095 -1.6140352190089793
      vertex -10.465316121307387 -2.0816808050657523 -2.6727819789359026
    endloop
  endfacet
  facet normal -0.9653714526573002 -0.24181296063159163 -0.09790020666432939
    outer loop
      vertex -10.513664251076607 -3.1892851831251616 -0.5397444176015982
      vertex -10.775642697376288 -2.143408598972441 -0.5397444176015982
      vertex -10.671867367635063 -2.1227664024580095 -1.6140352190089793
    endloop
  endfacet
  facet normal -0.9283562103197748 -0.23254112509772168 -0.2899644321274454
    outer loop
      vertex -10.210882364129944 -3.0974373018635184 -2.6727819789359026
      vertex -10.465316121307387 -2.0816808050657523 -2.6727819789359026
      vertex -9.911016432271994 -3.006473965907584 -3.7057883873144206
    endloop
  endfacet
  facet normal -0.9283562103197748 -0.2325411250977216 -0.2899644321274454
    outer loop
      vertex -9.911016432271994 -3.006473965907584 -3.7057883873144206
      vertex -10.465316121307387 -2.0816808050657523 -2.6727819789359026
      vertex -10.157978159807792 -2.0205474835582296 -3.7057883873144206
    endloop
  endfacet
  facet normal -0.9702142146061933 -0.14391768364735288 -0.19486425559775758
    outer loop
      vertex -10.671867367635063 -2.1227664024580095 -1.6140352190089793
      vertex -10.828546901698441 -1.0665187806671523 -1.6140352190089793
      vertex -10.465316121307387 -2.0816808050657523 -2.6727819789359026
    endloop
  endfacet
  facet normal -0.9466789375126192 -0.14042655507768703 -0.2899644321274455
    outer loop
      vertex -10.157978159807792 -2.0205474835582296 -3.7057883873144206
      vertex -10.465316121307387 -2.0816808050657523 -2.6727819789359026
      vertex -10.30711300474893 -1.0151620243986001 -3.7057883873144206
    endloop
  endfacet
  facet normal -0.9140410867808283 -0.1355851872582577 -0.3822898751898428
    outer loop
      vertex -10.157978159807792 -2.0205474835582296 -3.7057883873144206
      vertex -10.30711300474893 -1.0151620243986001 -3.7057883873144206
      vertex -9.895999713508111 -0.9746708994055092 -4.703106027733103
    endloop
  endfacet
  facet normal -0.9229294014412384 -0.04534061405242839 -0.38228987518984336
    outer loop
      vertex -10.30711300474893 -1.0151620243986001 -3.7057883873144206
      vertex -10.356984717013228 0 -3.7057883873144206
      vertex -9.943882224357877 0 -4.703106027733103
    endloop
  endfacet
  facet normal -0.98442474014563 -0.14602561598668415 -0.09790020666432948
    outer loop
      vertex -10.671867367635063 -2.1227664024580095 -1.6140352190089793
      vertex -10.933845813934745 -1.0768898183052888 -0.5397444176015982
      vertex -10.828546901698441 -1.0665187806671523 -1.6140352190089793
    endloop
  endfacet
  facet normal -0.9888620036158177 -0.14668382184550235 -0.02521496011710926
    outer loop
      vertex -10.775642697376288 -2.143408598972441 -0.5397444176015982
      vertex -11.019943184710792 -1.0853696691783838 2.8860898928713983
      vertex -10.933845813934745 -1.0768898183052888 -0.5397444176015982
    endloop
  endfacet
  facet normal -0.9984778915348356 -0.04905207337556335 -0.02521496011710926
    outer loop
      vertex -10.933845813934745 -1.0768898183052888 -0.5397444176015982
      vertex -11.019943184710792 -1.0853696691783838 2.8860898928713983
      vertex -11.029088138288744 -0.7435570752700293 2.583270358954864
    endloop
  endfacet
  facet normal -0.9796487677703124 -0.04812705784109532 -0.19486425559775794
    outer loop
      vertex -10.828546901698441 -1.0665187806671523 -1.6140352190089793
      vertex -10.880941609612591 0 -1.6140352190089793
      vertex -10.61896316331291 -1.0458765841527207 -2.6727819789359026
    endloop
  endfacet
  facet normal -0.9984778915348355 -0.04905207337556546 -0.025214960117108897
    outer loop
      vertex -10.933845813934745 -1.0768898183052888 -0.5397444176015982
      vertex -11.060988555607357 0 2.4
      vertex -10.986750018256897 0 -0.5397444176015982
    endloop
  endfacet
  facet normal -0.9939974792450545 -0.0488319648341004 -0.09790020666432947
    outer loop
      vertex -10.933845813934745 -1.0768898183052888 -0.5397444176015982
      vertex -10.880941609612591 0 -1.6140352190089793
      vertex -10.828546901698441 -1.0665187806671523 -1.6140352190089793
    endloop
  endfacet
  facet normal -0.9939974792450545 -0.04883196483410012 -0.09790020666432918
    outer loop
      vertex -10.933845813934745 -1.0768898183052888 -0.5397444176015982
      vertex -10.986750018256897 0 -0.5397444176015982
      vertex -10.880941609612591 0 -1.6140352190089793
    endloop
  endfacet
